[gd_scene load_steps=14 format=3 uid="uid://chc81oixowxp5"]

[ext_resource type="PackedScene" uid="uid://b7ub2d6yxd7bk" path="res://scenes/car/red-car.tscn" id="1_vouik"]
[ext_resource type="Texture2D" uid="uid://b8l3vl8edy0e1" path="res://assets/textures/sand.jpg" id="2_vouik"]
[ext_resource type="PackedScene" uid="uid://jjwvnnxdrynl" path="res://assets/models/tires.tscn" id="3_c7d2s"]
[ext_resource type="PackedScene" uid="uid://b6433kfonwl81" path="res://assets/models/racewall.tscn" id="4_dnsj1"]
[ext_resource type="PackedScene" uid="uid://b73uh5tkt4jmw" path="res://assets/models/Cactus.tscn" id="5_3amc3"]
[ext_resource type="PackedScene" uid="uid://sl5fnhvlhh5p" path="res://scenes/playerHUD.tscn" id="6_c7d2s"]

[sub_resource type="StandardMaterial3D" id="StandardMaterial3D_klmno"]
albedo_color = Color(0.8862745, 0.77254903, 0.5411765, 1)
albedo_texture = ExtResource("2_vouik")
roughness = 0.85
uv1_scale = Vector3(10, 10, 10)
uv1_triplanar = true

[sub_resource type="PlaneMesh" id="PlaneMesh_c1y5s"]
size = Vector2(100, 100)

[sub_resource type="StandardMaterial3D" id="StandardMaterial3D_0mhng"]

[sub_resource type="ConcavePolygonShape3D" id="ConcavePolygonShape3D_g2g5x"]
data = PackedVector3Array(50, 0, 50, -50, 0, 50, 50, 0, -50, -50, 0, 50, -50, 0, -50, 50, 0, -50)

[sub_resource type="ProceduralSkyMaterial" id="ProceduralSkyMaterial_c7d2s"]
sky_top_color = Color(0.42352942, 0.7137255, 1, 1)
sky_horizon_color = Color(0.9529412, 0.84705883, 0.63529414, 1)
ground_bottom_color = Color(0.90588236, 0.77254903, 0.5411765, 1)
ground_horizon_color = Color(0.84313726, 0.7019608, 0.4627451, 1)
ground_curve = 0.009012517

[sub_resource type="Sky" id="Sky_7h61r"]
sky_material = SubResource("ProceduralSkyMaterial_c7d2s")

[sub_resource type="Environment" id="Environment_0sr1o"]
background_mode = 2
background_color = Color(0.6693048, 0.9711786, 0.8981186, 1)
background_energy_multiplier = 0.8
sky = SubResource("Sky_7h61r")
ambient_light_color = Color(0.3200091, 0.6900171, 0.99999994, 1)
ambient_light_energy = 3.0
reflected_light_source = 2

[node name="3DNode" type="Node3D"]

[node name="Car" parent="." instance=ExtResource("1_vouik")]
transform = Transform3D(1, 0, 0, 0, 1, 0, 0, 0, 1, 0, 0.37531567, 0)

[node name="StaticBody3D" type="StaticBody3D" parent="."]

[node name="Floor" type="StaticBody3D" parent="."]

[node name="MeshInstance3D" type="MeshInstance3D" parent="Floor"]
transform = Transform3D(1, 0, 0, 0, 1, 0, 0, 0, 1, -0.18955174, -0.05264306, 0.30127144)
material_override = SubResource("StandardMaterial3D_klmno")
mesh = SubResource("PlaneMesh_c1y5s")
surface_material_override/0 = SubResource("StandardMaterial3D_0mhng")

[node name="CollisionShape3D" type="CollisionShape3D" parent="Floor"]
shape = SubResource("ConcavePolygonShape3D_g2g5x")

[node name="WorldEnvironment" type="WorldEnvironment" parent="."]
environment = SubResource("Environment_0sr1o")

[node name="DirectionalLight3D" type="DirectionalLight3D" parent="WorldEnvironment"]
transform = Transform3D(1, 0, 0, 0, 0.82365143, 0.5670965, 0, -0.5670965, 0.82365143, 12.358641, 70.26099, 52.71609)
light_color = Color(1, 0.8745098, 0.6666667, 1)
light_energy = 2.0
shadow_enabled = true
shadow_bias = 0.0
shadow_blur = 0.5

[node name="tires" parent="." instance=ExtResource("3_c7d2s")]
transform = Transform3D(0.15, 0, 0, 0, 0.15, 0, 0, 0, 0.15, -1.9971011, 0.13007495, 0.6071358)

[node name="walls" type="Node3D" parent="."]
transform = Transform3D(1, 0, 0, 0, 1, 0, 0, 0, 1, -4.863632, 0.2989956, -1.0222883)

[node name="Node3D2" parent="walls" instance=ExtResource("4_dnsj1")]
transform = Transform3D(0.9756151, 0, -0.21948864, 0, 1, 0, 0.21948864, 0, 0.9756151, 0.28050804, 0.0022338629, -1.9364455)

[node name="Node3D" parent="walls" instance=ExtResource("4_dnsj1")]

[node name="Cactus" parent="." instance=ExtResource("5_3amc3")]
transform = Transform3D(0.67887765, 0, 0.7342514, 0, 1, 0, -0.7342514, 0, 0.67887765, 1.9940143, 1.2196199, -9)

[node name="Cactus" parent="Cactus" instance=ExtResource("5_3amc3")]
transform = Transform3D(0.67887765, 0, 0.73425144, 0, 1, 0, -0.73425144, 0, 0.67887765, -5.9082527, 1.2196199, -1.693685)

[node name="Cactus2" parent="Cactus" instance=ExtResource("5_3amc3")]
transform = Transform3D(0.67887765, 0, 0.7342514, 0, 1, 0, -0.7342514, 0, 0.67887765, 1.9940143, 1.2196199, -9)

[node name="Cactus" parent="Cactus/Cactus2" instance=ExtResource("5_3amc3")]
transform = Transform3D(0.67887765, 0, 0.7342515, 0, 1, 0, -0.7342515, 0, 0.67887765, -5.908251, -0.65070605, -1.6936847)

[node name="Cactus2" parent="." instance=ExtResource("5_3amc3")]
transform = Transform3D(1, 0, 0, 0, 1, 0, 0, 0, 1, 6.5707192, 0.38621092, -9.225963)

[node name="TimerUI" parent="." instance=ExtResource("6_c7d2s")]
